Save 
136 27
454.0 252.0
6 15 12 9 14 12 -10 6 17
12 2 11 2 0 2
60 34 154
12 17 20 2
-0.27743274014287417 0.1 20.0
7 8 5 5
19
0 0 0 0 0 0 0 0 0 0 0 0 0 0 0 0 0 0 0 0 0 0 0 0 0 0 0 0 0 0 0 0 0 0 0 0 0 0 0 0 0 0 0 0 0 0 0 0 0 0 0 0 0 0 0 0 0 0 0 0 0 0 0 0 0 0 0 0 0 0 0 0 0 0 0 0 0 0 0 0 0 0 0 0 0 0 0 0 0 0 0 0 0 0 0 0 0 0 0 0 0 0 0 0 0 0 0 0 0 0 0 0 0 0 0 0 0 0 0 0 0 0 0 0 0 0 0 0 0 0 0 0 0 0 0 0 
3 0 0 0 0 0 0 0 0 0 0 0 0 0 0 0 0 0 0 0 0 0 0 0 0 0 0 0 0 0 0 0 0 0 0 0 0 0 0 0 0 0 0 0 0 0 0 0 0 0 0 0 0 0 0 0 0 0 0 0 0 0 0 0 0 0 0 0 0 0 0 0 0 0 0 0 0 0 0 0 0 0 0 0 0 0 0 0 0 0 0 0 0 0 0 0 0 0 0 0 0 0 0 0 0 0 0 0 0 0 0 0 0 0 0 0 0 0 0 0 0 0 0 0 0 0 0 0 0 0 0 0 0 0 0 0 
6 0 0 0 0 0 0 0 0 0 0 0 0 0 0 0 0 0 0 0 0 0 0 0 0 0 0 0 0 0 0 0 0 0 0 0 0 0 0 0 0 0 0 0 0 0 0 0 0 0 0 0 0 0 0 0 0 0 0 0 0 0 0 0 0 0 0 0 0 0 0 0 0 0 0 0 0 0 0 0 0 0 0 0 0 0 0 0 0 0 0 0 0 0 0 0 0 0 0 0 0 0 0 0 0 0 0 0 0 0 0 0 0 0 0 0 0 0 0 0 0 0 0 0 0 0 0 0 0 0 0 0 0 0 0 13 
6 0 0 0 0 0 0 0 0 0 0 0 0 0 0 0 0 0 0 0 0 0 0 0 0 0 0 0 0 0 0 0 0 0 0 0 0 0 0 0 0 0 0 0 0 0 0 0 0 0 0 0 0 0 0 0 0 0 0 0 0 0 0 0 0 0 0 0 0 0 0 0 0 0 0 0 0 0 0 0 0 0 0 0 0 0 0 0 0 0 0 0 0 0 0 0 0 0 0 0 0 0 0 0 0 0 0 0 0 0 0 0 0 0 0 0 0 0 0 0 0 0 0 0 0 0 0 0 0 0 0 0 0 0 0 14 
6 0 0 0 0 0 0 0 0 0 0 0 0 0 0 0 0 0 0 0 0 0 0 0 0 0 0 0 0 0 0 0 0 0 0 0 0 0 0 0 0 0 0 0 0 0 0 0 0 0 0 0 0 0 0 0 0 0 0 0 0 0 0 0 0 0 0 0 0 0 0 0 0 0 0 0 0 0 0 0 0 0 0 0 0 0 0 1 2 2 2 2 2 3 0 0 0 0 0 0 0 0 0 0 0 0 0 0 0 0 0 0 0 0 0 0 0 0 0 0 0 0 0 0 0 0 0 0 0 0 0 0 0 0 0 14 
6 0 0 0 0 0 0 0 0 0 0 0 0 0 0 0 0 0 0 0 0 0 0 0 0 0 0 0 0 0 0 0 0 0 0 0 0 0 0 0 0 0 0 0 0 0 0 0 0 0 0 0 0 0 0 0 0 0 0 0 0 0 0 0 0 0 0 0 0 0 0 0 0 0 0 0 0 0 0 0 0 0 0 0 0 0 1 18 5 5 5 5 5 17 3 0 0 0 0 0 0 0 0 0 0 0 0 0 0 0 0 0 0 0 0 0 0 0 0 0 0 0 0 0 0 0 0 0 0 0 0 0 0 0 0 14 
6 0 0 0 0 0 0 0 0 0 0 0 0 0 0 0 0 0 0 0 0 0 0 0 0 0 0 0 0 0 0 0 0 0 0 0 0 0 0 0 0 0 0 0 0 0 0 0 0 0 0 0 0 0 0 0 0 0 0 0 0 0 0 0 0 0 0 0 0 0 0 0 0 0 0 0 0 0 0 0 0 0 0 0 0 0 4 5 5 5 5 5 5 5 6 0 0 0 0 0 0 0 0 0 0 0 0 0 0 0 0 0 0 0 0 0 0 0 0 0 0 0 0 0 0 0 0 0 0 0 0 0 0 0 0 14 
6 0 0 0 0 0 0 0 0 0 0 0 0 0 0 0 0 0 0 0 0 0 0 0 0 0 0 0 0 0 0 0 0 0 0 0 0 0 0 0 0 0 0 0 0 0 0 0 0 0 0 0 0 0 0 0 0 0 0 0 0 0 0 0 0 0 0 0 0 0 0 0 0 0 0 0 0 0 0 0 0 0 0 0 0 1 18 5 5 5 5 5 5 5 17 3 0 0 0 0 0 0 0 0 0 0 0 0 0 0 0 0 0 0 0 0 0 0 0 0 0 0 0 0 0 0 0 0 0 0 0 0 0 0 0 14 
6 0 0 0 0 0 0 0 0 0 0 0 0 0 0 0 0 0 0 0 0 0 0 0 0 0 0 0 0 0 0 0 0 0 0 0 0 0 0 0 0 0 0 0 0 0 0 0 0 0 0 0 0 0 0 0 0 0 0 0 0 0 0 0 0 0 0 0 0 0 0 0 0 0 0 0 0 0 0 0 0 0 0 0 0 4 5 5 5 5 5 5 5 5 5 6 0 0 0 0 0 0 0 0 0 0 0 0 0 0 0 0 0 0 0 0 0 0 0 0 0 0 0 0 0 0 0 0 0 0 0 0 0 0 0 14 
6 0 0 0 0 0 0 0 0 0 0 0 0 0 0 0 0 0 0 0 0 0 0 0 0 0 0 0 0 0 0 0 0 0 0 0 0 0 0 0 0 0 0 0 0 0 0 0 0 0 0 0 0 0 0 0 0 0 0 0 0 0 0 0 0 0 0 0 0 0 0 0 0 0 0 0 0 0 0 0 0 0 0 0 1 18 5 5 5 5 5 5 5 5 5 6 0 0 0 0 0 0 0 0 0 0 0 0 0 0 0 0 0 0 0 0 0 0 0 0 0 0 0 0 0 0 0 0 0 0 0 0 0 0 0 14 
6 0 0 0 0 0 0 0 0 0 0 0 0 0 0 0 0 0 0 0 0 0 0 0 0 0 0 0 0 0 0 0 0 0 0 0 0 0 0 0 0 0 0 0 0 0 0 0 0 0 0 0 0 0 0 0 0 0 0 0 0 0 0 0 0 0 0 0 0 0 0 0 0 0 0 0 0 0 0 0 0 0 0 1 18 5 5 5 5 5 5 5 5 5 5 17 3 0 0 0 0 0 0 0 0 0 0 0 0 0 0 0 0 0 0 0 0 0 0 0 0 0 0 0 0 0 0 0 0 0 0 0 0 0 0 14 
6 0 0 0 0 0 0 0 0 0 0 0 0 0 0 0 0 0 0 0 0 0 0 0 0 0 0 0 0 0 0 0 0 0 0 0 0 0 0 0 0 0 0 0 0 0 0 0 0 0 0 0 0 0 0 0 0 0 0 0 0 0 0 0 0 0 0 0 0 0 0 0 0 0 0 0 0 0 0 0 0 1 2 18 5 5 5 5 5 5 5 5 5 5 5 5 6 0 0 0 0 0 0 0 0 0 0 0 0 0 0 0 0 0 0 0 0 0 0 0 0 0 0 0 0 0 0 0 0 0 0 0 0 0 0 14 
6 0 0 0 0 0 0 0 0 0 0 0 0 0 0 0 0 0 0 0 0 0 0 0 0 0 0 0 0 0 0 0 0 0 0 0 0 0 0 0 0 0 0 0 0 0 0 0 0 0 0 0 0 0 0 0 0 0 0 0 0 0 0 0 0 0 0 0 0 0 0 0 0 0 0 0 0 0 0 1 2 18 5 5 5 5 5 5 5 5 5 5 5 5 5 5 6 0 0 0 0 0 0 0 0 0 0 0 0 0 0 0 0 0 0 0 0 0 0 0 0 0 0 0 0 0 0 0 0 0 0 0 0 0 0 14 
6 0 0 0 0 0 0 0 0 0 0 0 0 0 0 0 0 0 0 0 0 0 0 0 0 0 0 0 0 0 0 0 0 0 0 0 0 0 0 0 0 0 0 0 0 0 0 0 0 0 0 0 0 0 0 0 0 0 0 0 0 0 0 0 0 0 0 0 0 1 2 2 2 2 2 2 2 2 2 18 5 5 5 5 5 5 5 5 5 5 5 5 5 5 5 5 17 3 0 0 0 0 0 0 0 0 0 0 0 0 0 0 0 0 0 0 0 0 0 0 0 0 0 0 0 0 0 0 0 0 0 0 0 0 0 14 
6 0 0 0 0 0 0 0 0 0 0 0 0 0 0 0 0 0 0 0 0 0 0 0 0 0 0 0 0 0 0 0 0 0 0 0 0 0 0 0 0 0 0 0 0 0 0 0 0 0 0 0 0 0 0 0 0 0 0 0 0 1 2 2 2 2 2 2 2 18 5 5 5 5 5 5 5 5 5 5 5 5 5 5 5 5 5 5 5 5 5 5 5 5 5 5 5 6 0 0 0 0 0 0 0 0 0 0 0 0 0 0 0 0 0 0 0 0 0 0 0 0 0 0 0 0 0 0 0 0 0 0 0 0 0 14 
17 2 2 2 2 2 2 2 2 2 2 2 2 3 0 0 0 0 0 0 0 0 0 0 0 0 0 0 0 0 0 0 0 0 0 0 0 0 0 0 0 0 0 0 0 0 0 0 1 2 2 2 2 2 2 2 2 2 2 2 2 18 5 5 5 5 5 5 5 5 5 5 5 5 5 5 5 5 5 5 5 5 5 5 5 5 5 5 5 5 5 5 5 5 5 5 5 17 3 0 0 0 0 0 0 0 0 0 0 0 0 0 0 0 0 0 0 0 0 0 0 0 0 0 0 0 0 0 0 0 0 0 0 0 0 14 
5 5 5 5 5 5 5 5 5 5 5 5 5 17 2 2 2 2 2 2 2 2 3 0 0 0 0 0 0 0 0 0 0 0 0 0 0 1 2 2 2 2 2 2 2 2 2 2 18 5 5 5 5 5 5 5 5 5 5 5 5 5 5 5 5 5 5 5 5 5 5 5 5 5 5 5 5 5 5 5 5 5 5 5 5 5 5 5 5 5 5 5 5 5 5 5 5 5 6 0 0 0 0 0 0 0 0 0 0 0 0 0 0 0 0 0 0 0 0 0 0 0 0 0 0 0 0 0 0 0 0 0 0 0 0 14 
5 5 5 5 5 5 5 5 5 5 5 5 5 5 5 5 5 5 5 5 5 5 17 2 2 2 2 2 2 2 2 2 2 2 2 2 2 18 5 5 5 5 5 5 5 5 5 5 5 5 5 5 5 5 5 5 5 5 5 5 5 5 5 5 5 5 5 5 5 5 5 5 5 5 5 5 5 5 5 5 5 5 5 5 5 5 5 5 5 5 5 5 5 5 5 5 5 5 17 3 0 0 0 0 0 0 0 0 0 0 0 0 0 0 0 0 0 0 0 0 0 0 0 0 0 0 0 0 0 0 0 0 0 0 0 14 
5 5 5 5 5 5 5 5 5 5 5 5 5 5 5 5 5 5 5 5 5 5 5 5 5 5 5 5 5 5 5 5 5 5 5 5 5 5 5 5 5 5 5 5 5 5 5 5 5 5 5 5 5 5 5 5 5 5 5 5 5 5 5 5 5 5 5 5 5 5 5 5 5 5 5 5 5 5 5 5 5 5 5 5 5 5 5 5 5 5 5 5 5 5 5 5 5 5 5 17 3 0 0 0 0 0 0 0 0 0 0 0 0 0 0 0 0 0 0 0 0 0 0 0 0 0 0 1 2 2 2 2 2 2 2 22 
5 5 5 5 5 5 5 5 5 5 5 5 5 5 5 5 5 5 5 5 5 5 5 5 5 5 5 5 5 5 5 5 5 5 5 5 5 5 5 5 5 5 5 5 5 5 5 5 5 5 5 5 5 5 5 5 5 5 5 5 5 5 5 5 5 5 5 5 5 5 5 5 5 5 5 5 5 5 5 5 5 5 5 5 5 5 5 5 5 5 5 5 5 5 5 5 5 5 5 5 17 2 2 2 3 0 0 0 0 0 0 0 0 1 2 2 2 2 2 2 2 2 2 2 2 2 2 18 5 5 5 5 5 5 5 6 
5 5 5 5 5 5 5 5 5 5 5 5 5 5 5 5 5 5 5 5 5 5 5 5 5 5 5 5 5 5 5 5 5 5 5 5 5 5 5 5 5 5 5 5 5 5 5 5 5 5 5 5 5 5 5 5 5 5 5 5 5 5 5 5 5 5 5 5 5 5 5 5 5 5 5 5 5 5 5 5 5 5 5 5 5 5 5 5 5 5 5 5 5 5 5 5 5 5 5 5 5 5 5 5 17 2 2 2 2 2 2 2 2 18 5 5 5 5 5 5 5 5 5 5 5 5 5 5 5 5 5 5 5 5 5 6 
5 5 5 5 5 5 5 5 5 5 5 5 5 5 5 5 5 5 5 5 5 5 5 5 5 5 5 5 5 5 5 5 5 5 5 5 5 5 5 5 5 5 5 5 5 5 5 5 5 5 5 5 5 5 5 5 5 5 5 5 5 5 5 5 5 5 5 5 5 5 5 5 5 5 5 5 5 5 5 5 5 5 5 5 5 5 5 5 5 5 5 5 5 5 5 5 5 5 5 5 5 5 5 5 5 5 5 5 5 5 5 5 5 5 5 5 5 5 5 5 5 5 5 5 5 5 5 5 5 5 5 5 5 5 5 6 
5 5 5 5 5 5 5 5 5 5 5 5 5 5 5 5 5 5 5 5 5 5 5 5 5 5 5 5 5 5 5 5 5 5 5 5 5 5 5 5 5 5 5 5 5 5 5 5 5 5 5 5 5 5 5 5 5 5 5 5 5 5 5 5 5 5 5 5 5 5 5 5 5 5 5 5 5 5 5 5 5 5 5 5 5 5 5 5 5 5 5 5 5 5 5 5 5 5 5 5 5 5 5 5 5 5 5 5 5 5 5 5 5 5 5 5 5 5 5 5 5 5 5 5 5 5 5 5 5 5 5 5 5 5 5 6 
5 5 5 5 5 5 5 5 5 5 5 5 5 5 5 5 5 5 5 5 5 5 5 5 5 5 5 5 5 5 5 5 5 5 5 5 5 5 5 5 5 5 5 5 5 5 5 5 5 5 5 5 5 5 5 5 5 5 5 5 5 5 5 5 5 5 5 5 5 5 5 5 5 5 5 5 5 5 5 5 5 5 5 5 5 5 5 5 5 5 5 5 5 5 5 5 5 5 5 5 5 5 5 5 5 5 5 5 5 5 5 5 5 5 5 5 5 5 5 5 5 5 5 5 5 5 5 5 5 5 5 5 5 5 5 6 
5 5 5 5 5 5 5 5 5 5 5 5 5 5 5 5 5 5 5 5 5 5 5 5 5 5 5 5 5 5 5 5 5 5 5 5 5 5 5 5 5 5 5 5 5 5 5 5 5 5 5 5 5 5 5 5 5 5 5 5 5 5 5 5 5 5 5 5 5 5 5 5 5 5 5 5 5 5 5 5 5 5 5 5 5 5 5 5 5 5 5 5 5 5 5 5 5 5 5 5 5 5 5 5 5 5 5 5 5 5 5 5 5 5 5 5 5 5 5 5 5 5 5 5 5 5 5 5 5 5 5 5 5 5 5 6 
5 5 5 5 5 5 5 5 5 5 5 5 5 5 5 5 5 5 5 5 5 5 5 5 5 5 5 5 5 5 5 5 5 5 5 5 5 5 5 5 5 5 5 5 5 5 5 5 5 5 5 5 5 5 5 5 5 5 5 5 5 5 5 5 5 5 5 5 5 5 5 5 5 5 5 5 5 5 5 5 5 5 5 5 5 5 5 5 5 5 5 5 5 5 5 5 5 5 5 5 5 5 5 5 5 5 5 5 5 5 5 5 5 5 5 5 5 5 5 5 5 5 5 5 5 5 5 5 5 5 5 5 5 5 5 6 
5 5 5 5 5 5 5 5 5 5 5 5 5 5 5 5 5 5 5 5 5 5 5 5 5 5 5 5 5 5 5 5 5 5 5 5 5 5 5 5 5 5 5 5 5 5 5 5 5 5 5 5 5 5 5 5 5 5 5 5 5 5 5 5 5 5 5 5 5 5 5 5 5 5 5 5 5 5 5 5 5 5 5 5 5 5 5 5 5 5 5 5 5 5 5 5 5 5 5 5 5 5 5 5 5 5 5 5 5 5 5 5 5 5 5 5 5 5 5 5 5 5 5 5 5 5 5 5 5 5 5 5 5 5 5 6 
310
Tree 165.0 126.0 3
Tree 812.0 144.0 15
Tree 1351.0 90.0 11
Tree 973.0 126.0 14
Tree 1883.0 216.0 4
Tree 1112.0 108.0 12
Tree 849.0 126.0 12
Tree 58.0 126.0 7
Tree 1035.0 126.0 12
Tree 2321.0 180.0 10
Tree 1175.0 108.0 14
Tree 586.0 162.0 14
Tree 717.0 144.0 13
Tree 628.0 162.0 14
Tree 1443.0 54.0 13
Tree 988.0 126.0 12
Tree 744.0 144.0 14
Tree 778.0 144.0 14
Tree 1005.0 126.0 13
Tree 2404.0 180.0 11
Tree 669.0 144.0 15
Tree 914.0 126.0 13
Tree 1047.0 126.0 14
Cloud 1712.5894653201706 45.0 0 0.0
Tree 1071.0 126.0 15
Tree 568.0 162.0 14
Cloud 16.81925723325735 285.0 3 0.33282503942821573
Cloud 875.082086267892 122.0 1 0.1954810032100403
Cloud 1753.4445562493906 45.0 0 0.0
Cloud 390.76960796700683 68.0 1 0.40193239302676925
Cloud 2797.0527902763774 310.0 1 0.13650239876556153
Tree 526.0 162.0 12
Tree 1023.0 126.0 15
Tree 601.0 162.0 15
Tree 2391.0 180.0 13
Tree 1771.0 162.0 15
Tree 861.0 126.0 13
Cloud 1636.8820210297222 73.0 0 0.0
Stone 54.0 252.0 1
Stone 1980.0 342.0 1
Tree 677.0 144.0 13
Cloud 1731.2961366130735 65.0 0 0.0
Stone 738.0 270.0 1
Fox 2142.0 306.0
Flower 815.0 270.0 1 0.8805190273970065
Fox 2002.0 324.0
Stone 2394.0 306.0 1
Flower 1992.0 342.0 0 0.7218447163219364
Fox 1831.0 237.0
Flower 511.0 288.0 1 0.6440803753143274
Fox 2254.0 306.0
Stone 1044.0 252.0 0
Stone 1404.0 216.0 0
Stone 1818.0 324.0 0
Flower 646.0 288.0 1 0.5854405943368737
Flower 650.0 288.0 0 0.5454278352497064
Stone 1998.0 342.0 1
Stone 1170.0 234.0 2
Cloud 2683.441763796773 208.0 2 0.3043420052007427
Cloud 2488.0937851538883 146.0 1 0.07093065625855843
Cloud 945.9721844355176 -23.0 1 0.23708521815310435
Stone 1152.0 234.0 1
Stone 504.0 288.0 1
Flower 892.0 252.0 0 0.32885714595648574
Tree 1093.0 108.0 14
Flower 2297.0 306.0 1 0.3082731581522662
Cloud 721.5973262112786 244.0 1 0.4031033178545928
Flower 558.0 288.0 2 0.24264127668774726
Tree 933.0 126.0 15
Stone 450.0 288.0 0
Fox 2228.0 306.0
Tree 731.0 144.0 12
Stone 414.0 288.0 1
Flower 1263.0 216.0 1 0.15170704715756056
Fox 2198.0 306.0
Fox 2254.0 306.0
Flower 2012.0 342.0 0 0.11207484844121396
Flower 2064.0 324.0 2 0.0914076222799749
Flower 1242.0 216.0 1 0.06845357777181826
Stone 1098.0 234.0 1
Cloud 117.84498002710457 130.0 1 0.24676167452312725
Fox 1709.0 144.0
Fox 2002.0 324.0
Stone 1458.0 180.0 0
Fox 2002.0 324.0
Flower 428.0 288.0 1 0.041671407216889556
Fox 2002.0 324.0
Flower 621.0 288.0 0 0.015864644910301706

Shrubbery 1926.0 342.0 1
Shrubbery 1584.0 54.0 1
Shrubbery 1530.0 108.0 3
Shrubbery 1422.0 198.0 4
Shrubbery 558.0 288.0 1
Shrubbery 2322.0 306.0 1
Shrubbery 846.0 270.0 3
Shrubbery 2412.0 306.0 1
Shrubbery 270.0 270.0 1
Stone 1242.0 216.0 1
Cloud -46.72268128718816 314.0 0 0.3627985297524165
Shrubbery 2268.0 324.0 1
Shrubbery 1782.0 288.0 2
Shrubbery 1656.0 54.0 4
Shrubbery 1134.0 234.0 1
Shrubbery 2358.0 306.0 1
Shrubbery 1836.0 324.0 1
Shrubbery 2160.0 324.0 1
Shrubbery 2106.0 324.0 4
Flower 1940.0 342.0 1 -0.09315412676138246
Shrubbery 36.0 252.0 1
Shrubbery 1962.0 342.0 1
Shrubbery 1260.0 216.0 1
Shrubbery 1098.0 234.0 0
Shrubbery 1404.0 216.0 1
Shrubbery 1494.0 162.0 0
Shrubbery 1980.0 342.0 1
Shrubbery 1170.0 234.0 1
Flower 915.0 252.0 1 -0.12919294709448148
Shrubbery 0.0 0.0 2
Shrubbery 1890.0 342.0 1
Shrubbery 0.0 0.0 4
Shrubbery 792.0 270.0 1
Shrubbery 1746.0 216.0 2
Shrubbery 1350.0 216.0 1
Shrubbery 1764.0 252.0 2
Shrubbery 1026.0 252.0 1
Shrubbery 2124.0 324.0 1
Shrubbery 810.0 270.0 1
Shrubbery 594.0 288.0 1
Shrubbery 540.0 288.0 1
Shrubbery 1620.0 54.0 1
Shrubbery 1746.0 216.0 4
Flower 267.0 270.0 1 -0.1706111819118945
Shrubbery 2052.0 324.0 1
Shrubbery 2178.0 324.0 1
Shrubbery 1224.0 234.0 1
Shrubbery 1152.0 234.0 1
Shrubbery 1206.0 234.0 1
Shrubbery 2196.0 324.0 1
Shrubbery 1026.0 252.0 4
Shrubbery 1908.0 342.0 1
Shrubbery 1854.0 324.0 1
Shrubbery 1062.0 252.0 1
Shrubbery 1116.0 234.0 1
Shrubbery 648.0 288.0 1
Cloud 1196.889526413542 139.0 0 0.41607448107938433
Shrubbery 1440.0 198.0 1
Shrubbery 936.0 252.0 1
Shrubbery 1710.0 108.0 2
Shrubbery 1566.0 54.0 0
Shrubbery 1548.0 72.0 0
Shrubbery 18.0 252.0 1
Shrubbery 1044.0 252.0 1
Shrubbery 2376.0 306.0 1
Shrubbery 2034.0 324.0 0
Shrubbery 288.0 270.0 1
Shrubbery 1728.0 162.0 2
Shrubbery 2394.0 306.0 1
Shrubbery 1692.0 72.0 2
Shrubbery 2286.0 306.0 0
Shrubbery 252.0 270.0 1
Shrubbery 2304.0 306.0 1
Shrubbery 756.0 270.0 1
Flower 2274.0 324.0 0 -0.284455586598489
Shrubbery 2430.0 18.0 0
Shrubbery 1008.0 252.0 1
Cloud 2068.0665466261876 34.0 0 0.39567122609603766
Shrubbery 2070.0 324.0 1
Shrubbery 2214.0 324.0 1
Shrubbery 2106.0 324.0 1
Shrubbery 2088.0 324.0 1
Shrubbery 1872.0 324.0 2
Shrubbery 1278.0 216.0 1
Cloud 1408.9323677732607 123.0 0 0.04745583094876632
Stone 90.0 252.0 1
Shrubbery 954.0 252.0 1
Shrubbery 918.0 252.0 1
Shrubbery 54.0 252.0 1
Shrubbery 900.0 252.0 1
Shrubbery 1188.0 234.0 1
Flower 1204.0 234.0 1 -0.32203831833708696
Shrubbery 576.0 288.0 1
Cloud 2415.13596139155 275.0 3 0.2999069351062306
Stone 1332.0 216.0 1
Shrubbery 1674.0 54.0 2
Shrubbery 2016.0 342.0 1
Shrubbery 1638.0 54.0 1
Shrubbery 1386.0 216.0 1
Shrubbery 1512.0 144.0 0
Shrubbery 864.0 252.0 0
Shrubbery 1368.0 216.0 1
Shrubbery 2142.0 324.0 1
Shrubbery 2340.0 306.0 1
Shrubbery 1710.0 108.0 3
Shrubbery 2250.0 324.0 1
Shrubbery 216.0 252.0 1
Shrubbery 1458.0 180.0 0
Shrubbery 1602.0 54.0 1
Shrubbery 612.0 288.0 1
Shrubbery 1242.0 216.0 0
Shrubbery 666.0 270.0 0
Shrubbery 1656.0 54.0 1
Shrubbery 180.0 252.0 1
Shrubbery 1476.0 180.0 1
Shrubbery 234.0 252.0 2
Shrubbery 882.0 252.0 1
Shrubbery 972.0 252.0 1
Shrubbery 1332.0 216.0 1
Shrubbery 684.0 270.0 1
Shrubbery 2232.0 324.0 1
Shrubbery 702.0 270.0 1
Shrubbery 1818.0 324.0 1
Shrubbery 828.0 270.0 1
Shrubbery 774.0 270.0 1
Shrubbery 846.0 270.0 1
Shrubbery 1080.0 252.0 1
Stone 450.0 288.0 2
Shrubbery 1296.0 216.0 1
Stone 576.0 288.0 0
Shrubbery 990.0 252.0 1
Shrubbery 1314.0 216.0 1
Shrubbery 1998.0 342.0 1
Shrubbery 630.0 288.0 1
Shrubbery 1422.0 198.0 0
Shrubbery 1530.0 108.0 0
Shrubbery 1800.0 306.0 2
Shrubbery 1944.0 342.0 1
Cloud 2492.8914919965396 193.0 2 0.3112448080307637
Tree 1198.0 108.0 14
Cloud 171.2103469673622 146.0 3 0.15690070131794354
Flower 1969.0 342.0 0 -0.5805971278608233
Cloud 1825.263741435582 39.0 0 0.0
Tree 271.0 144.0 8
Stone 1620.0 54.0 1
Cloud 1792.260907174103 59.0 0 0.0
Tree 2236.0 198.0 4
Stone 1422.0 198.0 1
Cloud 1828.9728784227875 227.0 2 0.2829872544566198
Stone 2340.0 306.0 2
Flower 770.0 270.0 1 -0.8225396983081876
Stone 1278.0 216.0 2
Stone 1350.0 216.0 1
Cloud 1945.9281811743915 111.0 0 0.32015528942080845
Flower 952.0 252.0 2 -0.9957488076993837
Flower 131.0 252.0 2 -1.0760223803143671
Tree 2137.0 198.0 12
Tree 1765.0 162.0 15
Flower 996.0 252.0 2 -1.1626236734346698
Flower 1741.0 162.0 2 -1.191142083885123
Flower 1385.0 216.0 2 -1.219379212457668
Cloud 882.9995582396867 290.0 0 0.298111932030341
Flower 1138.0 234.0 2 -1.2816365355100472
Stone 1494.0 162.0 2
Stone 2160.0 324.0 2
Flower 529.0 288.0 1 -1.3265397666220078
Flower 1614.0 54.0 0 -1.3381612373690355
Cloud 882.8667014716764 306.0 1 0.33862313745300876
Stone 1242.0 216.0 2
Cloud 1515.547106688855 -10.0 3 0.47229265374228113
Cloud 967.525616906932 243.0 2 0.08189933150568462
Flower 933.0 252.0 0 -1.5722901547228683
Stone 2196.0 324.0 2
Cloud 2554.5646795350012 261.0 0 0.07974030921596487
Flower 1807.0 306.0 2 -1.6909494603482056
Flower 203.0 252.0 0 -1.7202521616954678
Flower 224.0 252.0 2 -1.8336738641540686
Flower 2082.0 324.0 2 -1.8409927128840449
Cloud 2419.974306589738 -19.0 2 0.1588552589061884
Flower 277.0 270.0 1 -1.9053299962854522
Stone 1152.0 234.0 2
Cloud 328.4746141964859 29.0 3 0.40745297232519134
Tree 799.0 144.0 15
Tree 832.0 144.0 13
Stone 1854.0 324.0 2
Tree 0.0 126.0 7
Stone 1746.0 216.0 2
Tree -12.0 -126.0 10
Tree 954.0 126.0 13
Tree 612.0 162.0 13
Stone 1530.0 108.0 2
Tree 1525.0 -18.0 13
Bee -2251.0 -165.17108025494963 false 1526260851890
Bee -2537.0 414.1683755517006 false 1526260851893
Bee -2986.0 738.5315472548828 false 1526260851894
Bee -5005.0 109.13272417301778 false 1526260851900
Bee -1179.0 -489.5867164283991 false 1526260877437
Butterfly 287.0 117.13242369145155 false 1526261086570
Bee -4048.0 -201.3205672726035 false 1526260851888
Butterfly 117.0 -185.62359081208706 false 1526261084086
Bee -1146.0 -102.7504226770252 false 1526260916131
Tree 692.0 144.0 14
Bee 29.0 127.88541058637202 false 1526260851891
Tree 1100.0 108.0 12
Bee -2509.0 -168.63932302873582 false 1526260851898
Bee -992.0 51.93713393993676 false 1526260851896
Bee -507.0 -156.47236091038212 false 1526260881904
Bee -2104.0 -492.07934284210205 false 1526260851897
Tree 302.0 144.0 11
Tree 2004.0 216.0 12
Tree 1145.0 108.0 13
Tree 769.0 144.0 12
Tree 1206.0 108.0 12
Tree 2402.0 180.0 13
Tree 1174.0 108.0 13
Tree 1155.0 108.0 15
Tree 2263.0 198.0 4
Tree 1253.0 90.0 8
Tree 877.0 126.0 15
Tree 1127.0 108.0 15
Tree 893.0 126.0 14
Tree 648.0 162.0 12
Tree 1118.0 108.0 12

Continue
14 89 0 1 15 22
1 0 1
65440 1 1 1